 3129 1.285069942474365234e+01
 3130 1.255519962310791016e+01
 3131 1.286030006408691406e+01
 3132 1.299779987335205078e+01
 3133 1.342499923706054688e+01
 3134 1.296730041503906250e+01
 3135 1.325629997253417969e+01
 3136 1.268000030517578125e+01
 3137 1.255340003967285156e+01
 3138 1.255410003662109375e+01
 3139 1.255770015716552734e+01
 3140 1.335039997100830078e+01
 3141 1.380860042572021484e+01
 3142 1.279640007019042969e+01
 3143 1.341230010986328125e+01
 3144 1.309460067749023438e+01
 3145 1.300979995727539062e+01
 3146 1.265289974212646484e+01
 3147 1.250269985198974609e+01
 3148 1.358939933776855469e+01
 3149 1.297659969329833984e+01
 3150 1.124959945678710938e+01
